---------
Parameters: WS trfr 1
Q = 0.428137
---
Number of elements: 517
Number of lists: 5

255: 2 4 5 8 10 11 12 17 18 19 20 21 22 23 24 26 28 29 30 31 32 35 36 37 39 40 41 42 43 46 47 53 56 58 59 61 62 63 65 69 70 73 74 76 77 78 79 84 86 87 88 89 92 97 98 100 102 105 107 111 112 114 116 117 120 125 128 129 131 132 135 137 138 139 140 142 144 149 151 158 160 161 162 163 165 166 167 168 169 172 178 179 182 183 184 186 187 188 189 190 191 194 196 200 202 205 207 210 213 214 215 216 217 218 219 220 221 225 226 227 230 234 236 237 240 241 242 243 246 248 249 250 251 252 254 259 261 263 264 266 267 269 270 274 276 277 279 282 288 290 292 293 297 298 301 305 306 308 309 310 313 314 317 318 319 320 321 322 324 328 329 330 331 332 335 337 338 339 340 345 346 352 353 356 357 358 360 363 367 368 370 373 383 385 386 387 389 390 392 393 394 398 399 403 406 410 412 415 416 417 419 420 424 425 428 431 432 433 434 439 440 441 445 446 447 448 455 457 459 460 462 463 464 465 466 467 468 469 470 471 472 476 477 479 484 489 493 497 498 500 501 507 509 511 515
112: 9 13 14 15 27 34 38 49 52 54 55 60 67 71 75 82 85 91 94 95 101 108 109 110 118 119 121 124 127 130 143 145 146 148 153 156 159 164 174 180 192 195 197 201 209 212 222 224 244 253 255 258 271 272 275 278 280 284 286 287 291 295 302 307 312 315 316 326 333 343 344 347 349 354 355 369 371 374 376 380 381 384 388 397 400 404 409 421 423 426 437 438 442 443 444 450 451 475 478 480 483 486 488 491 492 494 503 504 505 506 508 512
97: 1 6 7 25 45 48 50 51 64 66 68 72 80 83 90 96 99 106 113 115 126 134 141 150 152 154 155 170 171 175 177 203 204 206 228 229 231 233 239 247 256 260 262 281 283 285 289 299 303 304 311 323 325 327 336 342 348 350 351 359 362 365 366 372 375 377 378 379 382 391 395 396 407 408 414 418 422 427 429 430 435 449 452 453 456 461 473 485 487 490 499 502 510 513 514 516 517
52: 3 16 33 44 57 81 93 103 104 122 123 133 136 147 157 173 176 181 185 193 198 199 208 211 223 232 235 238 245 265 268 273 294 296 300 334 341 361 364 401 402 405 411 413 436 454 458 474 481 482 495 496
1: 257
