Concept	correlation	BNC_freq	num_feats_tax	familiarity	tot_num_feats
vine	-0.0870857360699	913	8	5.00	89
dove	-0.0748675364357	458	10	3.70	148
cage	-0.0632478647843	1346	13	5.65	125
hoe	-0.0444748810101	115	15	3.70	176
pin	-0.0437595795185	1844	10	6.85	118
key	-0.0336862966097	14964	12	8.75	136
mat	-0.0305995856073	858	13	6.85	96
turkey	-0.0203029765272	2236	18	5.50	169
cod	-0.0033358282656	385	9	3.60	82
beehive	-0.000927178935089	92	8	5.10	94
robin	0.000655683756366	2467	17	5.95	231
pepper	0.0171890703738	1169	12	7.80	131
worm	0.0193620814658	1273	11	6.55	107
hose	0.0219387173414	388	16	5.75	140
chicken	0.0249785984964	2579	20	7.95	180
level	0.0269207507766	38894	9	4.95	70
hut	0.0274548960329	1620	6	3.25	66
kite	0.0364739401715	958	14	5.20	134
sandpaper	0.0426780734942	62	12	5.75	135
wheel	0.0492172609762	4313	10	8.20	130
telephone	0.0499910597586	8551	12	8.85	122
stick	0.0570592243092	5540	11	7.55	111
muzzle	0.0593328399831	241	8	3.25	85
whip	0.0645493888296	1143	14	3.75	122
saucer	0.0679881140364	499	15	6.05	131
bridge	0.071262810028	7562	14	7.10	149
candle	0.074271816573	1590	14	7.70	163
wand	0.0781423498702	190	10	2.60	106
surfboard	0.0783474085244	33	12	3.90	116
thermometer	0.0787281547293	172	12	7.00	114
pot	0.0790701320914	3116	10	7.45	119
pan	0.0792071256919	2211	12	6.70	120
rocker	0.081433168231	257	6	5.30	64
inn	0.0823385168777	1877	10	5.55	91
lantern	0.0824306317845	367	12	5.30	92
bouquet	0.0831910366139	367	8	6.05	93
tap	0.0837735940664	2549	9	7.85	95
canary	0.0842051113846	372	15	3.65	218
menu	0.0860316015293	2046	8	8.05	104
envelope	0.0872452127822	1860	11	7.90	105
doorknob	0.0910974344282	40	9	8.85	97
bedroom	0.0923538948415	5967	10	8.95	120
whistle	0.0925638697749	930	14	6.40	145
pen	0.0926737173284	2691	15	8.95	143
stork	0.0928171782571	129	14	2.50	215
rattle	0.0989455398181	441	9	5.00	107
rope	0.0992699777653	2165	12	6.90	102
tack	0.100425705556	580	13	6.40	123
pencil	0.101368601308	1451	16	8.60	196
rock	0.101394154419	9703	12	7.85	98
shack	0.102008063887	170	12	3.55	117
anchor	0.102179183434	700	14	3.85	136
brick	0.103502688257	2832	9	7.40	106
banner	0.106298403742	900	13	6.10	94
eel	0.10634720311	355	11	2.55	125
goose	0.107550631898	889	15	4.90	168
marble	0.109708185551	1575	14	6.20	161
cork	0.109757389489	985	7	5.70	60
balloon	0.110270231243	1036	18	7.05	166
crayon	0.113670596402	165	13	7.60	168
pearl	0.113924941702	1070	15	5.10	138
nightingale	0.114363020523	245	6	1.80	82
cape	0.1150089742	1045	12	4.05	95
rocket	0.117482874637	892	12	2.25	89
pyramid	0.118161509138	693	14	2.70	133
swan	0.119609860218	1431	16	4.20	193
buckle	0.12090905744	352	8	7.65	80
veil	0.121045840075	617	10	3.70	111
bathtub	0.122190768536	33	16	8.05	121
bomb	0.122323537025	4261	15	3.05	146
toilet	0.122769421919	2071	8	8.55	88
bayonet	0.12357674944	161	7	1.75	41
toy	0.124106158671	2141	8	7.70	84
stone	0.126614809476	11527	11	7.40	103
apartment	0.12669458565	1948	18	7.80	175
python	0.127562249214	169	15	2.20	143
coin	0.128247767743	2645	11	8.85	109
doll	0.128790019825	1167	12	7.75	126
cigar	0.129313001064	704	11	4.60	126
box	0.130680421985	11653	14	7.80	145
microscope	0.130727031042	680	13	5.70	107
dandelion	0.131308249353	189	13	6.40	147
ant	0.131900812667	1012	12	7.55	121
bucket	0.134933141826	1404	7	6.55	93
baton	0.135597716518	276	10	3.20	93
urn	0.136545465291	226	7	2.60	65
slingshot	0.137048540677	11	15	4.15	173
flea	0.137489859214	331	17	4.35	167
airplane	0.137678305479	108	13	6.55	140
bungalow	0.139529220837	754	9	4.30	102
ball	0.140393140711	9107	9	8.35	87
ashtray	0.140785418567	324	11	5.60	108
limousine	0.142460465017	228	19	4.10	212
shed	0.143456829869	2559	12	7.05	135
helmet	0.146318000976	969	12	6.20	117
penguin	0.146543915283	600	18	2.80	236
armour	0.148215047262	897	11	2.45	132
birch	0.148464629687	469	10	5.50	102
certificate	0.149204500414	3728	12	6.95	119
hook	0.149266109815	1912	9	6.65	112
catapult	0.14936423404	189	9	2.15	86
raven	0.150954377727	308	13	3.20	168
typewriter	0.151000829253	595	16	5.30	163
napkin	0.15219406525	317	14	8.25	130
radio	0.153309383882	9241	17	8.70	175
door	0.153364395511	30174	13	8.95	152
grenade	0.153446494066	373	15	2.20	180
basket	0.153622422224	1830	9	6.90	96
thimble	0.154801162541	41	11	3.85	136
mug	0.162032710398	1078	14	8.60	138
projector	0.162191388382	247	6	6.60	50
butterfly	0.162903516382	1151	15	6.15	165
cabin	0.163578028587	1289	10	5.10	105
tripod	0.164555026371	172	6	3.45	77
spade	0.165293594234	481	7	4.95	66
barrel	0.166591511876	1438	11	5.05	107
emerald	0.172051249399	345	12	4.05	143
subway	0.173540378654	167	14	5.90	140
football	0.174096006079	6735	15	6.10	144
gate	0.174702406245	5823	14	7.10	145
shell	0.175833603107	3236	8	6.20	70
tent	0.176003595936	1564	11	6.85	92
book	0.176038794338	37980	16	8.80	148
bottle	0.177103749056	6002	15	8.35	186
cottage	0.178106107382	4034	13	6.35	106
umbrella	0.178940898926	987	11	7.35	102
eagle	0.179171974988	1793	17	3.60	191
crown	0.182218851487	5492	14	2.95	165
submarine	0.183235488094	767	13	3.05	102
magazine	0.183310590347	6418	14	8.15	131
saddle	0.18387978529	848	9	3.75	116
pigeon	0.184290669276	884	14	5.80	161
peg	0.185898112604	990	7	5.30	68
skyscraper	0.188072539937	129	12	6.45	139
clock	0.188446730998	3404	14	8.60	159
bag	0.188777852702	7536	12	8.55	113
escalator	0.19176491124	141	11	7.35	119
chain	0.192645238287	5015	11	7.05	100
pier	0.194018147269	1129	11	5.25	89
comb	0.195713294506	544	12	7.90	122
skillet	0.196573652548	15	11	4.95	129
duck	0.197172375301	2094	20	5.20	220
cigarette	0.198025845834	3614	13	5.20	114
ox	0.198311624652	336	11	2.30	123
partridge	0.198591430082	249	10	2.55	134
sack	0.199173111278	1468	8	5.70	70
parakeet	0.199244852102	40	16	2.95	189
ruler	0.200262400643	1580	18	7.75	192
medal	0.200531145445	1643	14	5.90	127
caterpillar	0.203724849258	375	14	5.35	151
cup	0.204590060768	13575	21	8.20	199
corkscrew	0.20492667343	104	10	5.60	88
perch	0.207336809329	302	15	4.00	161
emu	0.207682217868	293	12	3.10	102
seal	0.208538475251	2025	17	2.90	148
carpet	0.209294546395	3396	17	8.75	143
rattlesnake	0.209465349152	56	19	2.70	172
bureau	0.210687952752	1498	12	5.50	142
housefly	0.211942933103	6	15	6.85	165
fox	0.213035746252	2741	17	4.70	166
razor	0.213685754175	483	8	7.85	119
wheelbarrow	0.213851566103	251	14	5.40	168
house	0.214486693439	61006	16	8.45	133
skis	0.216547054537	1115	13	5.00	106
mirror	0.216718648643	4539	11	8.40	106
bowl	0.216902076225	3165	14	8.50	123
owl	0.2171764948	1648	13	4.10	164
earmuffs	0.217369151252	4	13	5.25	122
mouse	0.219258022368	2912	19	4.95	175
bluejay	0.221843811974	3	12	5.10	149
colander	0.223371130077	54	6	2.35	64
crow	0.224775793668	533	13	5.00	131
sled	0.224903813349	34	12	6.35	126
ambulance	0.226505381633	1846	19	6.45	189
ostrich	0.226847165612	168	19	2.55	254
cloak	0.22744527969	873	8	3.30	63
spear	0.228491057597	587	15	3.10	157
bullet	0.229794543826	1270	14	3.65	157
cathedral	0.230744671327	2723	13	4.70	118
van	0.230773942292	4655	15	8.00	145
rooster	0.234180096985	33	18	3.75	196
spoon	0.234430632242	1013	19	8.65	194
trailer	0.234865584769	653	12	6.15	100
brush	0.235005430143	2448	12	8.70	100
sailboat	0.23515939978	21	14	4.95	146
flamingo	0.238701490746	138	11	2.70	116
fence	0.240157168389	2289	11	8.15	76
bazooka	0.240343791116	23	11	2.05	94
church	0.241220482504	24058	15	6.10	131
bench	0.241948159835	2605	11	7.60	132
wall	0.242881652649	18207	14	8.90	103
falcon	0.244608974361	408	14	2.85	171
plate	0.245235031723	6443	20	8.90	159
bolts	0.248076747285	1323	13	4.90	115
grater	0.249312876761	30	12	5.05	125
mixer	0.249403621136	284	9	5.90	96
closet	0.250230482149	260	13	8.70	163
hatchet	0.25067198532	75	8	2.60	72
axe	0.250713963834	1226	16	4.60	214
paintbrush	0.252590018026	73	6	6.85	73
catfish	0.254351326911	232	10	3.35	120
hawk	0.254632461052	572	13	3.50	173
desk	0.255747061339	4873	16	8.65	174
tomahawk	0.255902171818	44	14	2.10	130
racquet	0.256172787182	77	13	5.75	146
chandelier	0.257553370136	217	15	6.50	149
ship	0.257875209591	7505	13	4.90	149
jar	0.264023551261	1058	12	6.95	145
crossbow	0.265093027428	113	8	3.35	98
mandarin	0.265152461941	329	15	3.70	134
sardine	0.265849102637	198	11	3.15	147
table	0.267782429002	23156	11	8.95	130
bed	0.268025175504	18117	17	8.95	166
goldfish	0.269638871923	365	14	6.40	163
cedar	0.270143517142	236	15	5.50	116
buffalo	0.271656153896	366	15	3.50	154
willow	0.272181367682	524	10	3.50	86
curtains	0.272422048729	3412	13	8.40	152
mink	0.27344224783	273	15	2.35	140
lamp	0.274169158068	2150	14	8.55	144
kettle	0.275271261642	989	17	7.80	175
seagull	0.276760072229	189	15	6.70	191
shovel	0.276911476334	280	15	6.45	162
harpoon	0.277784313402	47	11	2.10	93
minnow	0.27987364782	107	13	3.55	142
pine	0.280256132053	1231	11	4.85	134
helicopter	0.280531843883	1556	10	4.05	84
raft	0.280734687987	404	14	4.70	128
ladle	0.282490758828	84	11	4.95	114
shield	0.282721984101	2224	10	2.85	90
snail	0.282761770502	543	9	5.40	118
broom	0.283293987253	391	13	7.65	153
buzzard	0.286443073743	236	14	2.20	141
boat	0.286880702468	7391	10	6.55	113
pillow	0.28705677325	1133	13	8.80	188
sparrow	0.287276675509	294	13	4.35	179
walnut	0.287429686541	461	11	5.75	129
unicycle	0.287491383414	14	9	2.75	113
bra	0.289330969412	493	20	7.45	198
cushion	0.28966420891	1004	16	7.90	156
bracelet	0.29034669705	305	14	8.20	153
finch	0.290783638636	354	10	3.25	121
beetle	0.293405404529	556	13	4.20	113
apron	0.293445340155	573	13	4.75	117
jet	0.295336442045	1830	15	4.50	176
barn	0.295653016151	1600	17	5.60	218
salamander	0.295666517935	79	13	2.45	93
bull	0.296191466855	2173	12	3.60	133
sledgehammer	0.296853448857	67	11	3.80	134
blackbird	0.298369459762	300	12	3.75	173
tray	0.299351272491	1826	12	6.75	112
woodpecker	0.301827894688	146	15	4.10	169
stereo	0.303444742192	608	15	8.95	142
gun	0.303926746564	5505	16	3.50	162
oriole	0.305403249802	16	9	2.40	95
rice	0.306723551681	1710	10	7.50	114
chapel	0.306835576957	2443	11	5.25	98
crowbar	0.307211226394	61	12	4.00	113
fork	0.307326590947	1055	14	8.70	162
chickadee	0.30987930129	4	15	3.80	159
hammer	0.310235602376	1354	16	6.30	205
drapes	0.310531976405	125	18	7.70	197
taxi	0.310931835118	2195	10	7.35	125
pistol	0.311206016584	951	19	3.00	210
drain	0.311320813066	1620	9	7.70	107
parka	0.311627648508	45	10	4.60	76
cockroach	0.312552346814	147	14	3.60	90
guppy	0.312588921816	124	6	2.00	64
leopard	0.312661181611	335	9	3.35	85
hare	0.31361639465	674	18	3.25	184
toaster	0.314889557572	97	14	7.80	194
pelican	0.31494578844	145	15	2.85	189
dish	0.315330204523	3043	10	8.80	92
skunk	0.316200779055	57	12	5.50	179
rake	0.316253572277	353	15	5.80	148
train	0.316813140191	10384	15	6.05	133
groundhog	0.31726033296	5	14	3.85	133
cake	0.317623880884	3791	17	7.40	157
budgie	0.317678421034	143	17	4.40	188
caribou	0.318045670859	57	18	3.60	179
machete	0.319935194294	63	8	2.00	65
peacock	0.320043979777	578	16	3.85	164
sleigh	0.320091641391	45	9	5.35	101
vulture	0.320653614021	291	18	2.40	190
mackerel	0.32194262449	151	9	3.85	89
belt	0.324829176164	2695	13	7.95	161
chair	0.324879243095	10023	16	8.70	182
knife	0.326979043052	3364	17	8.00	177
pheasant	0.327080515291	326	9	3.15	104
screws	0.328449561417	1228	19	6.55	180
sword	0.328802556724	1887	16	2.95	144
cannon	0.329798145324	785	17	2.95	183
tongs	0.329824547236	180	8	6.15	80
scissors	0.332171515776	442	10	7.55	119
dagger	0.33302222514	433	14	3.00	150
freezer	0.333068748381	527	19	8.35	209
revolver	0.333070128265	262	15	3.05	148
drill	0.334650813753	1373	11	6.00	134
camisole	0.334686061622	31	18	4.20	140
gorilla	0.337270949818	209	16	2.65	170
jeep	0.337437827563	576	14	6.90	122
pumpkin	0.337797385106	176	12	6.95	181
dresser	0.338295884217	335	11	8.35	206
sink	0.338311880085	2190	17	8.50	202
moth	0.340349024989	540	8	5.65	94
blender	0.344200264583	91	15	5.80	153
apple	0.344714811554	3512	19	8.30	202
building	0.347984282205	25691	15	8.35	118
bread	0.348478660974	3813	16	8.55	167
necklace	0.34958841348	404	17	8.00	165
tricycle	0.35014843446	57	17	6.20	206
oven	0.350548038031	1565	14	7.50	145
chisel	0.350899531384	233	10	3.85	102
hornet	0.352673742481	96	12	5.30	129
canoe	0.353123866712	531	18	6.10	174
cantaloupe	0.354333627706	4	14	6.30	169
starling	0.355164839777	183	12	2.75	116
frog	0.35572758831	960	16	5.45	172
wagon	0.355748410044	937	14	5.60	192
scooter	0.356104029834	111	13	2.60	118
buggy	0.35682936683	231	12	4.00	118
nylons	0.35705101364	734	18	6.20	136
basement	0.357360401907	872	16	7.60	155
pie	0.357361210891	1610	13	7.35	131
oak	0.358024067137	1950	11	6.10	126
garage	0.358852653553	2387	9	7.85	113
pony	0.360087368243	1114	18	4.70	156
spider	0.361440592132	1036	16	7.25	178
guitar	0.363010692832	3423	11	6.15	130
orange	0.36339653325	3081	16	8.20	190
microwave	0.364386948206	707	16	7.95	132
sandals	0.365702121256	323	17	7.45	160
clam	0.367529367934	132	8	4.20	102
strainer	0.371152350489	40	13	6.70	115
car	0.37160107304	35374	16	8.60	176
yacht	0.371603412664	1426	14	3.85	144
porcupine	0.372292161035	72	10	3.20	105
tuna	0.373882580694	357	14	5.65	136
cherry	0.373909058691	1096	12	6.90	184
screwdriver	0.374023915609	272	20	6.35	203
truck	0.374843458967	1867	13	7.65	146
elevator	0.375359089769	279	14	8.10	148
zebra	0.375981934196	276	16	2.60	207
couch	0.378276151874	574	20	8.05	196
dog	0.379952422328	12536	18	8.15	176
cellar	0.381280294804	945	10	4.70	129
bear	0.38203302521	7158	19	4.55	195
stove	0.382861536356	782	13	8.35	162
calf	0.382927356377	1083	14	4.35	147
piano	0.383971302048	2112	13	5.95	155
missile	0.384597537507	1902	17	2.60	133
spatula	0.3857231912	46	12	7.00	131
faucet	0.385939632185	11	18	8.10	193
trolley	0.386614113877	730	8	3.70	59
biscuit	0.387076986141	1623	11	7.40	87
drum	0.388225513819	1650	13	5.20	123
skateboard	0.389665380429	80	10	4.85	115
olive	0.389983794083	1174	17	5.70	180
nightgown	0.390809260467	88	11	6.20	109
hamster	0.390861652798	159	14	6.10	167
carrot	0.392008984741	872	18	7.60	203
pliers	0.392181508581	72	12	4.90	109
cat	0.393740899066	5540	20	7.65	191
salmon	0.394602356492	1435	10	4.75	127
prune	0.395318088281	205	18	5.15	154
trout	0.39620493215	725	14	5.05	184
sofa	0.397111460565	1168	18	8.40	181
bike	0.397837690604	2267	20	7.70	198
harpsichord	0.398052627249	155	6	2.40	70
fawn	0.399117533938	145	26	3.80	216
cart	0.399714764252	1272	11	5.70	136
gopher	0.400573900866	13	8	2.60	96
bookcase	0.401487949719	233	12	8.15	136
radish	0.401494321303	213	16	4.95	182
shotgun	0.402673928891	487	10	3.00	105
bagpipe	0.403251551033	122	9	3.20	122
rat	0.405983328691	2467	22	3.65	217
fridge	0.406844794837	1052	19	8.80	224
wasp	0.411404754342	617	16	5.20	161
shoes	0.415162440955	4822	19	8.90	169
gown	0.417937954993	1031	12	6.15	103
motorcycle	0.418926510061	367	16	4.90	170
panther	0.420123953431	184	13	2.60	135
leotards	0.420431218197	83	12	6.05	103
cheetah	0.420515957065	152	13	3.40	152
elk	0.423298757027	40	16	2.65	131
clamp	0.423416805976	378	10	4.10	100
squid	0.424394660555	174	11	3.45	99
grasshopper	0.424523040709	104	13	4.95	159
tractor	0.426370646737	730	13	6.00	146
tie	0.427879123463	4506	14	6.90	158
robe	0.428876688724	758	16	7.40	131
mittens	0.428880233405	33	15	6.45	162
raisin	0.429368001531	173	14	6.55	172
lobster	0.433158625353	334	17	5.85	169
bus	0.434762243827	6932	17	8.35	179
iguana	0.435783419354	44	17	3.15	174
rabbit	0.437539054257	2486	14	6.05	116
pajamas	0.438722836079	3	11	8.50	126
plum	0.441128427811	425	15	6.20	198
harp	0.441753405815	310	8	3.05	103
dishwasher	0.442497780285	254	13	7.30	147
shrimp	0.443045667702	409	13	5.80	120
horse	0.443381187314	12660	19	6.30	201
nectarine	0.443702257899	36	17	6.20	182
lamb	0.444163864727	2238	16	4.50	144
rifle	0.445018482736	1068	18	3.70	191
turtle	0.44535114132	447	18	5.70	186
crocodile	0.445919950536	389	17	2.65	160
goat	0.446734200867	1201	20	4.05	216
octopus	0.447734199547	183	13	2.10	104
corn	0.448662865804	1224	13	7.85	137
seaweed	0.450450325913	234	10	4.30	116
cougar	0.453644526059	14	23	2.20	183
walrus	0.457779059167	65	14	2.15	121
banana	0.458110458009	991	15	8.10	164
wrench	0.458276534837	213	14	4.70	148
jeans	0.460020808146	1283	14	8.65	118
cheese	0.460285924139	2984	19	8.25	159
camel	0.460290907871	599	15	2.40	155
otter	0.461171182149	348	9	2.70	113
cabinet	0.461618861967	6902	10	8.35	114
alligator	0.461817292225	114	16	3.75	168
shelves	0.461915749105	2617	11	7.90	127
tuba	0.463441056024	65	13	3.30	137
tortoise	0.464421537969	285	14	2.40	152
tangerine	0.468454641811	78	16	7.10	187
tiger	0.469066868548	1324	24	3.80	232
socks	0.470668531971	1231	15	8.90	153
dress	0.470798492472	5907	13	7.85	123
chipmunk	0.474820128597	26	14	6.00	128
sheep	0.475033223857	3044	21	4.25	224
yam	0.47579045768	51	7	3.30	81
lemon	0.475951846608	1351	17	7.15	191
turnip	0.477169048512	174	9	4.75	99
cupboard	0.477175694088	1943	10	8.00	151
garlic	0.478388840531	802	21	7.85	205
coyote	0.479174082591	52	17	2.85	172
deer	0.481722622666	930	20	5.40	186
shirt	0.483635548739	3623	18	8.80	191
toad	0.485391341993	468	23	4.65	196
skirt	0.487135948882	2136	14	7.75	152
pants	0.488255663939	573	21	8.95	198
accordion	0.489153358884	2	9	2.90	99
peas	0.491353269779	629	12	6.95	156
coat	0.492079869657	4403	19	8.35	139
cello	0.49340090198	242	9	2.75	113
cow	0.493510081371	2611	22	5.40	230
potato	0.495999532242	2527	19	8.15	168
boots	0.497836572472	4731	21	8.10	180
beans	0.502894083739	1857	15	7.00	128
pig	0.502995650715	2508	22	5.15	211
giraffe	0.50338694624	106	14	4.05	185
dolphin	0.503902560964	1614	23	3.85	184
pineapple	0.504170505428	330	17	6.40	172
whale	0.504534201192	1339	12	3.50	146
gloves	0.507320276024	1405	14	8.40	141
donkey	0.508204024558	731	14	4.45	156
squirrel	0.508797876648	396	18	7.85	200
banjo	0.509431458811	49	12	3.15	137
harmonica	0.509508628783	49	6	3.65	80
pickle	0.510064038884	284	18	7.35	182
cranberry	0.51162061379	121	14	4.05	157
scarf	0.515789436509	749	12	7.50	121
crab	0.515923168366	565	16	4.20	159
lion	0.517963181246	2155	20	4.05	192
honeydew	0.518625865208	27	14	4.25	150
shawl	0.520699322145	325	10	3.30	97
swimsuit	0.522142929488	137	19	7.50	176
beaver	0.524400383982	220	15	4.05	199
lime	0.524907197611	706	13	5.35	135
moose	0.526567910673	98	15	3.35	181
slippers	0.530064010337	502	13	6.75	132
hyena	0.53245834404	73	14	1.75	110
sweater	0.534276666261	774	11	8.45	113
elephant	0.53624484531	1508	17	3.50	224
beets	0.53950611388	133	15	5.50	141
violin	0.540982968194	702	11	3.80	150
platypus	0.543108757312	30	8	1.95	78
bison	0.543261646927	52	10	2.75	100
vest	0.547487874375	389	10	7.00	97
chimp	0.547532007597	176	17	3.25	136
trombone	0.548598959934	142	13	3.35	133
grapefruit	0.550656620274	135	22	6.20	240
raccoon	0.551849414581	13	12	5.10	139
zucchini	0.552523706011	1	15	5.10	135
peach	0.554750560132	776	15	7.05	172
flute	0.556646554882	509	13	4.60	132
blueberry	0.564771909822	19	14	6.05	170
strawberry	0.565615124928	661	17	8.45	175
rhubarb	0.568181420107	119	11	3.95	128
grape	0.572785488908	814	18	7.10	235
jacket	0.574760138316	3575	15	8.60	134
trumpet	0.582041923763	531	13	4.20	128
raspberry	0.583198052437	280	11	6.15	114
asparagus	0.584466793243	116	9	5.85	110
parsley	0.584504724226	383	10	5.00	116
spinach	0.586014689722	199	11	5.00	138
eggplant	0.586103073963	6	9	3.75	103
coconut	0.586158342233	373	21	5.35	227
mushroom	0.587192963175	901	16	7.20	155
onions	0.590205172173	1236	16	7.40	164
trousers	0.59256027195	545	19	6.80	178
tomato	0.597478435472	1490	13	7.75	180
celery	0.597673138627	196	15	7.55	170
cucumber	0.599725460088	252	16	7.10	186
cabbage	0.601068135551	500	16	5.60	165
cauliflower	0.601530344948	130	14	6.80	144
lettuce	0.605990884684	448	18	7.95	216
broccoli	0.608711552936	134	12	7.55	147
blouse	0.62400337877	644	15	7.25	159
clarinet	0.62541370768	294	13	3.60	134
saxophone	0.648746732881	102	14	4.85	132
pear	0.671336832403	723	13	7.20	153
avocado	0.701347397393	130	10	3.70	92
