---------
Parameters: WS trfr 1
Q = 0.081156
---
Number of elements: 517
Number of lists: 3

265: 1 2 3 6 7 8 13 15 16 17 21 22 24 27 29 33 34 40 41 42 43 44 45 46 48 51 55 56 60 61 64 66 68 69 71 72 80 82 83 85 87 88 89 91 93 94 95 99 100 101 104 106 108 109 110 113 115 116 119 121 122 124 126 127 129 133 134 135 136 137 140 141 142 143 145 146 147 149 150 151 152 153 154 155 156 157 162 167 170 172 173 174 176 177 179 180 181 182 184 187 191 192 193 194 195 197 198 199 201 203 204 209 211 214 217 222 223 225 228 229 230 231 235 236 238 241 242 243 244 245 246 247 253 254 255 258 259 260 261 262 265 268 269 271 273 275 279 280 281 283 284 285 287 294 295 296 298 299 300 307 312 315 316 317 320 323 324 326 327 329 333 334 335 338 342 343 344 345 348 349 360 361 362 364 365 372 375 377 378 380 381 382 384 386 391 393 395 396 399 400 402 404 405 407 408 409 411 413 417 418 422 424 426 427 428 430 435 436 438 439 440 441 442 446 449 451 452 453 454 455 456 458 460 461 462 463 466 469 472 473 475 477 478 479 481 482 485 487 490 491 492 495 496 499 500 501 502 503 505 506 510 512 513 516 517
251: 4 5 9 10 11 12 14 18 19 20 23 25 26 28 30 31 32 35 36 37 38 39 47 49 50 52 53 54 57 58 59 62 63 65 67 70 73 74 75 76 77 78 79 81 84 86 90 92 96 97 98 102 103 105 107 111 112 114 117 118 120 123 125 128 130 131 132 138 139 144 148 158 159 160 161 163 164 165 166 168 169 171 175 178 183 185 186 188 189 190 196 200 202 205 206 207 208 210 212 213 215 216 218 219 220 221 224 226 227 232 233 234 237 239 240 249 250 251 252 256 257 263 264 266 267 270 272 274 276 277 278 282 286 288 289 290 291 292 293 297 301 302 303 304 305 306 308 309 310 311 313 314 318 319 321 322 325 328 330 331 332 336 337 339 340 341 346 347 350 351 352 353 354 355 356 357 358 359 363 366 367 368 369 370 371 373 374 376 379 383 385 387 388 389 390 392 394 397 398 401 403 406 410 412 414 415 416 419 420 421 423 425 429 431 432 433 434 437 443 444 445 447 448 450 457 459 464 465 467 468 470 471 474 476 480 483 484 486 488 489 493 494 497 498 504 507 508 509 511 514 515
1: 248
