---------
Parameters: WS trfr 1
Q = 0.181704
---
Number of elements: 517
Number of lists: 4

198: 1 3 6 7 9 15 16 27 33 34 44 45 48 50 51 54 55 57 60 64 66 68 71 72 80 82 83 85 89 90 93 94 99 101 104 106 108 109 110 113 115 119 121 122 123 124 126 133 134 136 141 143 145 146 147 150 152 153 154 156 157 159 170 171 173 174 175 176 180 181 191 192 193 195 197 199 201 203 204 209 211 212 222 228 229 231 232 233 235 238 244 245 247 253 258 260 262 265 268 271 273 275 276 280 281 283 284 285 287 294 296 299 300 302 303 307 312 315 316 323 325 326 327 333 334 343 344 348 349 361 362 364 365 366 372 375 377 379 380 381 382 384 391 395 396 397 400 401 402 405 407 408 409 413 418 422 426 427 430 435 436 438 442 449 451 452 453 454 456 458 461 467 472 473 474 475 478 480 481 482 485 486 487 490 491 492 493 495 496 499 502 503 505 506 510 512 516 517
173: 4 10 11 12 14 17 18 23 25 26 28 30 31 32 35 38 39 47 49 58 63 67 69 70 74 75 77 78 79 81 86 87 91 92 95 96 103 105 112 114 125 128 130 132 138 148 158 160 161 164 166 169 172 177 178 185 186 188 190 200 206 207 208 210 213 216 218 220 224 226 227 239 250 251 256 257 259 263 267 272 277 282 286 288 289 290 291 292 293 297 301 304 305 306 308 310 311 313 314 318 319 322 328 330 331 332 336 337 339 340 341 345 346 347 350 351 352 353 354 356 358 359 360 363 367 368 369 371 373 374 376 378 387 388 389 390 392 394 398 403 410 411 412 416 419 420 421 423 429 432 434 439 443 444 445 447 450 464 468 471 483 484 488 489 494 497 500 504 509 511 513 514 515
145: 2 5 8 13 19 20 21 22 24 29 36 37 40 41 42 43 46 52 53 56 59 61 62 65 73 76 84 88 97 98 100 102 107 111 116 117 118 120 127 129 131 135 137 139 140 142 144 149 151 155 162 163 165 167 168 179 182 183 184 187 189 194 196 198 202 205 214 215 217 219 221 223 225 230 234 236 237 240 241 242 243 246 249 252 254 255 261 264 266 269 270 274 278 279 295 298 309 317 320 321 324 329 335 338 342 355 357 370 383 385 386 393 399 404 406 414 415 417 424 425 428 431 433 437 440 441 446 448 455 457 459 460 462 463 465 466 469 470 476 477 479 498 501 507 508
1: 248
