Concept	correlation	log(BNC_freq)	num_feats_tax	familiarity	tot_num_feats	polysemy	a_bird	a_fish	a_fruit	a_musical_instrument	a_tool	a_vegetable	an_animal
vine	-0.0870857360699	6.81673588059	8	5.00	89	1	0	0	0	0	0	0	0
dove	-0.0748675364357	6.12686918411	10	3.70	148	8	1	0	0	0	0	0	0
cage	-0.0632478647843	7.2048925102	13	5.65	125	6	0	0	0	0	0	0	0
hoe	-0.0444748810101	4.74493212836	15	3.70	176	2	0	0	0	0	1	0	0
pin	-0.0437595795185	7.51969240412	10	6.85	118	15	0	0	0	0	0	0	0
key	-0.0336862966097	9.61340259547	12	8.75	136	21	0	0	0	0	0	0	0
mat	-0.0305995856073	6.75460409949	13	6.85	96	10	0	0	0	0	0	0	0
turkey	-0.0203029765272	7.71244383427	18	5.50	169	5	0	0	0	0	0	0	1
cod	-0.0033358282656	5.95324333429	9	3.60	82	7	0	1	0	0	0	0	0
beehive	-0.000927178935089	4.52178857705	8	5.10	94	4	0	0	0	0	0	0	0
robin	0.000655683756366	7.81075811653	17	5.95	231	2	1	0	0	0	0	0	0
pepper	0.0171890703738	7.06390396147	12	7.80	131	6	0	0	0	0	0	0	0
worm	0.0193620814658	7.14913159856	11	6.55	107	5	0	0	0	0	0	0	0
hose	0.0219387173414	5.96100533962	16	5.75	140	4	0	0	0	0	0	0	0
chicken	0.0249785984964	7.85515700588	20	7.95	180	5	0	0	0	0	0	0	1
level	0.0269207507766	10.5685952761	9	4.95	70	19	0	0	0	0	1	0	0
hut	0.0274548960329	7.39018142823	6	3.25	66	2	0	0	0	0	0	0	0
kite	0.0364739401715	6.86484777797	14	5.20	134	8	0	0	0	0	0	0	0
sandpaper	0.0426780734942	4.12713438505	12	5.75	135	2	0	0	0	0	0	0	0
wheel	0.0492172609762	8.36938899665	10	8.20	130	11	0	0	0	0	0	0	0
telephone	0.0499910597586	9.05380351416	12	8.85	122	3	0	0	0	0	0	0	0
stick	0.0570592243092	8.61974977974	11	7.55	111	25	0	0	0	0	0	0	0
muzzle	0.0593328399831	5.48479693349	8	3.25	85	7	0	0	0	0	0	0	0
whip	0.0645493888296	7.04141166379	14	3.75	122	11	0	0	0	0	0	0	0
saucer	0.0679881140364	6.21260609575	15	6.05	131	4	0	0	0	0	0	0	0
bridge	0.071262810028	8.93089098445	14	7.10	149	12	0	0	0	0	0	0	0
candle	0.074271816573	7.37148929521	14	7.70	163	3	0	0	0	0	0	0	0
wand	0.0781423498702	5.24702407216	10	2.60	106	4	0	0	0	0	0	0	0
surfboard	0.0783474085244	3.49650756147	12	3.90	116	2	0	0	0	0	0	0	0
thermometer	0.0787281547293	5.14749447681	12	7.00	114	1	0	0	0	0	0	0	0
pot	0.0790701320914	8.04430540699	10	7.45	119	10	0	0	0	0	0	0	0
pan	0.0792071256919	7.70120018086	12	6.70	120	7	0	0	0	0	0	0	0
rocker	0.081433168231	5.5490760849	6	5.30	64	7	0	0	0	0	0	0	0
inn	0.0823385168777	7.53743003659	10	5.55	91	1	0	0	0	0	0	0	0
lantern	0.0824306317845	5.90536184805	12	5.30	92	1	0	0	0	0	0	0	0
bouquet	0.0831910366139	5.90536184805	8	6.05	93	2	0	0	0	0	0	0	0
tap	0.0837735940664	7.84345640438	9	7.85	95	20	0	0	0	0	0	0	0
canary	0.0842051113846	5.91889385427	15	3.65	218	5	1	0	0	0	0	0	0
menu	0.0860316015293	7.62364194651	8	8.05	104	4	0	0	0	0	0	0	0
envelope	0.0872452127822	7.52833176671	11	7.90	105	6	0	0	0	0	0	0	0
doorknob	0.0910974344282	3.68887945411	9	8.85	97	1	0	0	0	0	0	0	0
bedroom	0.0923538948415	8.69399956752	10	8.95	120	1	0	0	0	0	0	0	0
whistle	0.0925638697749	6.83518458615	14	6.40	145	11	0	0	0	0	0	0	0
pen	0.0926737173284	7.89766815073	15	8.95	143	6	0	0	0	0	0	0	0
stork	0.0928171782571	4.85981240436	14	2.50	215	1	1	0	0	0	0	0	0
rattle	0.0989455398181	6.08904487545	9	5.00	107	5	0	0	0	0	0	0	0
rope	0.0992699777653	7.68017564044	12	6.90	102	4	0	0	0	0	0	0	0
tack	0.100425705556	6.36302810354	13	6.40	123	12	0	0	0	0	0	0	0
pencil	0.101368601308	7.28000825288	16	8.60	196	5	0	0	0	0	0	0	0
rock	0.101394154419	9.18019039503	12	7.85	98	9	0	0	0	0	0	0	0
shack	0.102008063887	5.13579843705	12	3.55	117	3	0	0	0	0	0	0	0
anchor	0.102179183434	6.55108033504	14	3.85	136	5	0	0	0	0	0	0	0
brick	0.103502688257	7.94873845481	9	7.40	106	2	0	0	0	0	0	0	0
banner	0.106298403742	6.80239476332	13	6.10	94	4	0	0	0	0	0	0	0
eel	0.10634720311	5.87211778948	11	2.55	125	2	0	1	0	0	0	0	0
goose	0.107550631898	6.79009723551	15	4.90	168	6	0	0	0	0	0	0	1
marble	0.109708185551	7.36201055126	14	6.20	161	4	0	0	0	0	0	0	0
cork	0.109757389489	6.89264164117	7	5.70	60	7	0	0	0	0	0	0	0
balloon	0.110270231243	6.94312242282	18	7.05	166	4	0	0	0	0	0	0	0
crayon	0.113670596402	5.1059454739	13	7.60	168	2	0	0	0	0	0	0	0
pearl	0.113924941702	6.97541392746	15	5.10	138	4	0	0	0	0	0	0	0
nightingale	0.114363020523	5.50125821054	6	1.80	82	2	1	0	0	0	0	0	0
cape	0.1150089742	6.9517721644	12	4.05	95	2	0	0	0	0	0	0	0
rocket	0.117482874637	6.79346613258	12	2.25	89	7	0	0	0	0	0	0	0
pyramid	0.118161509138	6.54102999919	14	2.70	133	7	0	0	0	0	0	0	0
swan	0.119609860218	7.26612877956	16	4.20	193	4	1	0	0	0	0	0	0
buckle	0.12090905744	5.8636311756	8	7.65	80	5	0	0	0	0	0	0	0
veil	0.121045840075	6.42486902391	10	3.70	111	6	0	0	0	0	0	0	0
bathtub	0.122190768536	3.49650756147	16	8.05	121	1	0	0	0	0	0	0	0
bomb	0.122323537025	8.3572591535	15	3.05	146	5	0	0	0	0	0	0	0
toilet	0.122769421919	7.6357868614	8	8.55	88	4	0	0	0	0	0	0	0
bayonet	0.12357674944	5.08140436498	7	1.75	41	2	0	0	0	0	0	0	0
toy	0.124106158671	7.66902828859	8	7.70	84	8	0	0	0	0	0	0	0
stone	0.126614809476	9.3524473886	11	7.40	103	16	0	0	0	0	0	0	0
apartment	0.12669458565	7.5745584842	18	7.80	175	1	0	0	0	0	0	0	0
python	0.127562249214	5.12989871492	15	2.20	143	3	0	0	0	0	0	0	1
coin	0.128247767743	7.88042634429	11	8.85	109	3	0	0	0	0	0	0	0
doll	0.128790019825	7.06219163229	12	7.75	126	2	0	0	0	0	0	0	0
cigar	0.129313001064	6.55677835616	11	4.60	126	1	0	0	0	0	0	0	0
box	0.130680421985	9.36331893657	14	7.80	145	13	0	0	0	0	0	0	0
microscope	0.130727031042	6.52209279817	13	5.70	107	1	0	0	0	0	0	0	0
dandelion	0.131308249353	5.24174701506	13	6.40	147	1	0	0	0	0	0	0	0
ant	0.131900812667	6.91968384985	12	7.55	121	1	0	0	0	0	0	0	0
bucket	0.134933141826	7.24708058459	7	6.55	93	4	0	0	0	0	0	0	0
baton	0.135597716518	5.62040086572	10	3.20	93	5	0	0	0	0	0	0	0
urn	0.136545465291	5.42053499927	7	2.60	65	2	0	0	0	0	0	0	0
slingshot	0.137048540677	2.3978952728	15	4.15	173	1	0	0	0	0	0	0	0
flea	0.137489859214	5.80211837538	17	4.35	167	1	0	0	0	0	0	0	0
airplane	0.137678305479	4.68213122712	13	6.55	140	1	0	0	0	0	0	0	0
bungalow	0.139529220837	6.62539236801	9	4.30	102	1	0	0	0	0	0	0	0
ball	0.140393140711	9.11679862757	9	8.35	87	13	0	0	0	0	0	0	0
ashtray	0.140785418567	5.78074351579	11	5.60	108	1	0	0	0	0	0	0	0
limousine	0.142460465017	5.42934562895	19	4.10	212	1	0	0	0	0	0	0	0
shed	0.143456829869	7.84737183616	12	7.05	135	6	0	0	0	0	0	0	0
helmet	0.146318000976	6.87626461189	12	6.20	117	2	0	0	0	0	0	0	0
penguin	0.146543915283	6.39692965522	18	2.80	236	1	0	0	0	0	0	0	1
armour	0.148215047262	6.79905586206	11	2.45	132	4	0	0	0	0	0	0	0
birch	0.148464629687	6.15060276845	10	5.50	102	5	0	0	0	0	0	0	0
certificate	0.149204500414	8.22362717581	12	6.95	119	4	0	0	0	0	0	0	0
hook	0.149266109815	7.55590509361	9	6.65	112	20	0	0	0	0	0	0	0
catapult	0.14936423404	5.24174701506	9	2.15	86	5	0	0	0	0	0	0	0
raven	0.150954377727	5.73009978297	13	3.20	168	5	0	0	0	0	0	0	1
typewriter	0.151000829253	6.38856140555	16	5.30	163	1	0	0	0	0	0	0	0
napkin	0.15219406525	5.75890177388	14	8.25	130	2	0	0	0	0	0	0	0
radio	0.153309383882	9.13140538389	17	8.70	175	5	0	0	0	0	0	0	0
door	0.153364395511	10.3147359054	13	8.95	152	5	0	0	0	0	0	0	0
grenade	0.153446494066	5.92157841964	15	2.20	180	1	0	0	0	0	0	0	0
basket	0.153622422224	7.51207124584	9	6.90	96	4	0	0	0	0	0	0	0
thimble	0.154801162541	3.7135720667	11	3.85	136	2	0	0	0	0	0	0	0
mug	0.162032710398	6.98286275147	14	8.60	138	5	0	0	0	0	0	0	0
projector	0.162191388382	5.50938833663	6	6.60	50	2	0	0	0	0	0	0	0
butterfly	0.162903516382	7.04838640872	15	6.15	165	5	0	0	0	0	0	0	0
cabin	0.163578028587	7.16162200294	10	5.10	105	4	0	0	0	0	0	0	0
tripod	0.164555026371	5.14749447681	6	3.45	77	1	0	0	0	0	0	0	0
spade	0.165293594234	6.17586727011	7	4.95	66	4	0	0	0	0	1	0	0
barrel	0.166591511876	7.27100853828	11	5.05	107	6	0	0	0	0	0	0	0
emerald	0.172051249399	5.84354441703	12	4.05	143	3	0	0	0	0	0	0	0
subway	0.173540378654	5.11799381242	14	5.90	140	2	0	0	0	0	0	0	0
football	0.174096006079	8.81507308884	15	6.10	144	2	0	0	0	0	0	0	0
gate	0.174702406245	8.66957087184	14	7.10	145	7	0	0	0	0	0	0	0
shell	0.175833603107	8.08209327818	8	6.20	70	18	0	0	0	0	0	0	0
tent	0.176003595936	7.35500192111	11	6.85	92	3	0	0	0	0	0	0	0
book	0.176038794338	10.5448149844	16	8.80	148	15	0	0	0	0	0	0	0
bottle	0.177103749056	8.699848026	15	8.35	186	5	0	0	0	0	0	0	0
cottage	0.178106107382	8.30251371851	13	6.35	106	1	0	0	0	0	0	0	0
umbrella	0.178940898926	6.89467003943	11	7.35	102	4	0	0	0	0	0	0	0
eagle	0.179171974988	7.49164547361	17	3.60	191	6	1	0	0	0	0	0	0
crown	0.182218851487	8.61104776689	14	2.95	165	16	0	0	0	0	0	0	0
submarine	0.183235488094	6.64248680137	13	3.05	102	8	0	0	0	0	0	0	0
magazine	0.183310590347	8.76686182167	14	8.15	131	6	0	0	0	0	0	0	0
saddle	0.18387978529	6.74288063579	9	3.75	116	9	0	0	0	0	0	0	0
pigeon	0.184290669276	6.78445706264	14	5.80	161	1	0	0	0	0	0	0	1
peg	0.185898112604	6.89770494313	7	5.30	68	10	0	0	0	0	0	0	0
skyscraper	0.188072539937	4.85981240436	12	6.45	139	1	0	0	0	0	0	0	0
clock	0.188446730998	8.13270648969	14	8.60	159	2	0	0	0	0	0	0	0
bag	0.188777852702	8.92744681626	12	8.55	113	14	0	0	0	0	0	0	0
escalator	0.19176491124	4.94875989038	11	7.35	119	2	0	0	0	0	0	0	0
chain	0.192645238287	8.5201887004	11	7.05	100	12	0	0	0	0	0	0	0
pier	0.194018147269	7.02908756415	11	5.25	89	3	0	0	0	0	0	0	0
comb	0.195713294506	6.29894924686	12	7.90	122	8	0	0	0	0	0	0	0
skillet	0.196573652548	2.7080502011	11	4.95	129	1	0	0	0	0	0	0	0
duck	0.197172375301	7.64683139143	20	5.20	220	8	0	0	0	0	0	0	1
cigarette	0.198025845834	8.19257047115	13	5.20	114	1	0	0	0	0	0	0	0
ox	0.198311624652	5.81711115996	11	2.30	123	2	0	0	0	0	0	0	1
partridge	0.198591430082	5.51745289646	10	2.55	134	5	0	0	0	0	0	0	1
sack	0.199173111278	7.29165620917	8	5.70	70	13	0	0	0	0	0	0	0
parakeet	0.199244852102	3.68887945411	16	2.95	189	1	1	0	0	0	0	0	0
ruler	0.200262400643	7.36518012602	18	7.75	192	2	0	0	0	0	0	0	0
medal	0.200531145445	7.40427911804	14	5.90	127	1	0	0	0	0	0	0	0
caterpillar	0.203724849258	5.92692602597	14	5.35	151	2	0	0	0	0	0	0	0
cup	0.204590060768	9.5159851448	21	8.20	199	11	0	0	0	0	0	0	0
corkscrew	0.20492667343	4.64439089914	10	5.60	88	2	0	0	0	0	0	0	0
perch	0.207336809329	5.71042701737	15	4.00	161	10	0	0	0	0	0	0	1
emu	0.207682217868	5.68017260902	12	3.10	102	2	0	0	0	0	0	0	1
seal	0.208538475251	7.61332497954	17	2.90	148	15	0	0	0	0	0	0	1
carpet	0.209294546395	8.13035354743	17	8.75	143	5	0	0	0	0	0	0	0
rattlesnake	0.209465349152	4.02535169074	19	2.70	172	1	0	0	0	0	0	0	1
bureau	0.210687952752	7.31188616408	12	5.50	142	2	0	0	0	0	0	0	0
housefly	0.211942933103	1.79175946923	15	6.85	165	1	0	0	0	0	0	0	0
fox	0.213035746252	7.9160780963	17	4.70	166	10	0	0	0	0	0	0	1
razor	0.213685754175	6.18001665365	8	7.85	119	2	0	0	0	0	0	0	0
wheelbarrow	0.213851566103	5.52545293913	14	5.40	168	2	0	0	0	0	0	0	0
house	0.214486693439	11.018727499	16	8.45	133	14	0	0	0	0	0	0	0
skis	0.216547054537	7.01660968389	13	5.00	106	2	0	0	0	0	0	0	0
mirror	0.216718648643	8.42046200246	11	8.40	106	4	0	0	0	0	0	0	0
bowl	0.216902076225	8.05990833458	14	8.50	123	12	0	0	0	0	0	0	0
owl	0.2171764948	7.40731771047	13	4.10	164	1	0	0	0	0	0	0	1
earmuffs	0.217369151252	1.38629436112	13	5.25	122	1	0	0	0	0	0	0	0
mouse	0.219258022368	7.97659540932	19	4.95	175	6	0	0	0	0	0	0	1
bluejay	0.221843811974	1.09861228867	12	5.10	149	0	0	0	0	0	0	0	1
colander	0.223371130077	3.98898404656	6	2.35	64	1	0	0	0	0	0	0	0
crow	0.224775793668	6.27852142417	13	5.00	131	9	1	0	0	0	0	0	0
sled	0.224903813349	3.52636052462	12	6.35	126	2	0	0	0	0	0	0	0
ambulance	0.226505381633	7.52077641506	19	6.45	189	1	0	0	0	0	0	0	0
ostrich	0.226847165612	5.1239639794	19	2.55	254	2	1	0	0	0	0	0	0
cloak	0.22744527969	6.77193555584	8	3.30	63	5	0	0	0	0	0	0	0
spear	0.228491057597	6.37502481983	15	3.10	157	4	0	0	0	0	0	0	0
bullet	0.229794543826	7.14677217945	14	3.65	157	3	0	0	0	0	0	0	0
cathedral	0.230744671327	7.90948949267	13	4.70	118	3	0	0	0	0	0	0	0
van	0.230773942292	8.44569718971	15	8.00	145	5	0	0	0	0	0	0	0
rooster	0.234180096985	3.49650756147	18	3.75	196	1	0	0	0	0	0	0	1
spoon	0.234430632242	6.92067150425	19	8.65	194	5	0	0	0	0	0	0	0
trailer	0.234865584769	6.48157712928	12	6.15	100	4	0	0	0	0	0	0	0
brush	0.235005430143	7.80302664363	12	8.70	100	15	0	0	0	0	0	0	0
sailboat	0.23515939978	3.04452243772	14	4.95	146	1	0	0	0	0	0	0	0
flamingo	0.238701490746	4.92725368516	11	2.70	116	1	0	0	0	0	0	0	1
fence	0.240157168389	7.73587031995	11	8.15	76	7	0	0	0	0	0	0	0
bazooka	0.240343791116	3.13549421593	11	2.05	94	1	0	0	0	0	0	0	0
church	0.241220482504	10.0882228606	15	6.10	131	5	0	0	0	0	0	0	0
bench	0.241948159835	7.86518795419	11	7.60	132	9	0	0	0	0	0	0	0
wall	0.242881652649	9.8095614145	14	8.90	103	9	0	0	0	0	0	0	0
falcon	0.244608974361	6.0112671744	14	2.85	171	2	0	0	0	0	0	0	1
plate	0.245235031723	8.77074954914	20	8.90	159	16	0	0	0	0	0	0	0
bolts	0.248076747285	7.18765716411	13	4.90	115	14	0	0	0	0	0	0	0
grater	0.249312876761	3.40119738166	12	5.05	125	1	0	0	0	0	0	0	0
mixer	0.249403621136	5.64897423816	9	5.90	96	4	0	0	0	0	0	0	0
closet	0.250230482149	5.56068163102	13	8.70	163	5	0	0	0	0	0	0	0
hatchet	0.25067198532	4.31748811354	8	2.60	72	2	0	0	0	0	1	0	0
axe	0.250713963834	7.1115121165	16	4.60	214	3	0	0	0	0	1	0	0
paintbrush	0.252590018026	4.29045944115	6	6.85	73	1	0	0	0	0	0	0	0
catfish	0.254351326911	5.44673737167	10	3.35	120	3	0	1	0	0	0	0	0
hawk	0.254632461052	6.34913899138	13	3.50	173	6	1	0	0	0	0	0	0
desk	0.255747061339	8.49146504284	16	8.65	174	1	0	0	0	0	0	0	0
tomahawk	0.255902171818	3.78418963392	14	2.10	130	3	0	0	0	0	1	0	0
racquet	0.256172787182	4.34380542185	13	5.75	146	1	0	0	0	0	0	0	0
chandelier	0.257553370136	5.37989735354	15	6.50	149	1	0	0	0	0	0	0	0
ship	0.257875209591	8.92332474407	13	4.90	149	6	0	0	0	0	0	0	0
jar	0.264023551261	6.96413561242	12	6.95	145	8	0	0	0	0	0	0	0
crossbow	0.265093027428	4.72738781871	8	3.35	98	1	0	0	0	0	0	0	0
mandarin	0.265152461941	5.79605775077	15	3.70	134	6	0	0	1	0	0	0	0
sardine	0.265849102637	5.28826703069	11	3.15	147	4	0	1	0	0	0	0	0
table	0.267782429002	10.0500092052	11	8.95	130	8	0	0	0	0	0	0	0
bed	0.268025175504	9.80460600298	17	8.95	166	13	0	0	0	0	0	0	0
goldfish	0.269638871923	5.89989735358	14	6.40	163	1	0	0	0	0	0	0	1
cedar	0.270143517142	5.46383180503	15	5.50	116	3	0	0	0	0	0	0	0
buffalo	0.271656153896	5.9026333334	15	3.50	154	5	0	0	0	0	0	0	1
willow	0.272181367682	6.26149168432	10	3.50	86	2	0	0	0	0	0	0	0
curtains	0.272422048729	8.13505390861	13	8.40	152	3	0	0	0	0	0	0	0
mink	0.27344224783	5.60947179518	15	2.35	140	3	0	0	0	0	0	0	1
lamp	0.274169158068	7.67322312112	14	8.55	144	2	0	0	0	0	0	0	0
kettle	0.275271261642	6.89669433162	17	7.80	175	4	0	0	0	0	0	0	0
seagull	0.276760072229	5.24174701506	15	6.70	191	1	1	0	0	0	0	0	0
shovel	0.276911476334	5.63478960317	15	6.45	162	5	0	0	0	0	1	0	0
harpoon	0.277784313402	3.85014760171	11	2.10	93	2	0	0	0	0	0	0	0
minnow	0.27987364782	4.67282883446	13	3.55	142	1	0	0	0	0	0	0	1
pine	0.280256132053	7.11558212618	11	4.85	134	3	0	0	0	0	0	0	0
helicopter	0.280531843883	7.34987370474	10	4.05	84	1	0	0	0	0	0	0	0
raft	0.280734687987	6.00141487796	14	4.70	128	5	0	0	0	0	0	0	0
ladle	0.282490758828	4.43081679884	11	4.95	114	3	0	0	0	0	0	0	0
shield	0.282721984101	7.70706265537	10	2.85	90	5	0	0	0	0	0	0	0
snail	0.282761770502	6.29710931993	9	5.40	118	3	0	0	0	0	0	0	0
broom	0.283293987253	5.96870755999	13	7.65	153	5	0	0	0	0	0	0	0
buzzard	0.286443073743	5.46383180503	14	2.20	141	2	1	0	0	0	0	0	0
boat	0.286880702468	8.90801832278	10	6.55	113	3	0	0	0	0	0	0	0
pillow	0.28705677325	7.03262426103	13	8.80	188	2	0	0	0	0	0	0	0
sparrow	0.287276675509	5.68357976734	13	4.35	179	2	0	0	0	0	0	0	1
walnut	0.287429686541	6.133398043	11	5.75	129	3	0	0	0	0	0	0	0
unicycle	0.287491383414	2.63905732962	9	2.75	113	2	0	0	0	0	0	0	0
bra	0.289330969412	6.20050917404	20	7.45	198	1	0	0	0	0	0	0	0
cushion	0.28966420891	6.91174730025	16	7.90	156	4	0	0	0	0	0	0	0
bracelet	0.29034669705	5.72031177661	14	8.20	153	2	0	0	0	0	0	0	0
finch	0.290783638636	5.86929691313	10	3.25	121	1	1	0	0	0	0	0	0
beetle	0.293405404529	6.32076829425	13	4.20	113	6	0	0	0	0	0	0	0
apron	0.293445340155	6.35088571671	13	4.75	117	4	0	0	0	0	0	0	0
jet	0.295336442045	7.51207124584	15	4.50	176	9	0	0	0	0	0	0	0
barn	0.295653016151	7.37775890823	17	5.60	218	2	0	0	0	0	0	0	0
salamander	0.295666517935	4.36944785247	13	2.45	93	3	0	0	0	0	0	0	1
bull	0.296191466855	7.68386398026	12	3.60	133	15	0	0	0	0	0	0	1
sledgehammer	0.296853448857	4.20469261939	11	3.80	134	2	0	0	0	0	1	0	0
blackbird	0.298369459762	5.70378247466	12	3.75	173	2	0	0	0	0	0	0	1
tray	0.299351272491	7.50988306115	12	6.75	112	1	0	0	0	0	0	0	0
woodpecker	0.301827894688	4.98360662171	15	4.10	169	1	0	0	0	0	0	0	1
stereo	0.303444742192	6.41017488197	15	8.95	142	3	0	0	0	0	0	0	0
gun	0.303926746564	8.61341204916	16	3.50	162	8	0	0	0	0	0	0	0
oriole	0.305403249802	2.77258872224	9	2.40	95	2	1	0	0	0	0	0	0
rice	0.306723551681	7.4442486495	10	7.50	114	5	0	0	0	0	0	0	0
chapel	0.306835576957	7.80098207126	11	5.25	98	2	0	0	0	0	0	0	0
crowbar	0.307211226394	4.11087386417	12	4.00	113	1	0	0	0	0	1	0	0
fork	0.307326590947	6.96129604591	14	8.70	162	9	0	0	0	0	0	0	0
chickadee	0.30987930129	1.38629436112	15	3.80	159	1	0	0	0	0	0	0	1
hammer	0.310235602376	7.21081845347	16	6.30	205	10	0	0	0	0	1	0	0
drapes	0.310531976405	4.8283137373	18	7.70	197	7	0	0	0	0	0	0	0
taxi	0.310931835118	7.69393732551	10	7.35	125	3	0	0	0	0	0	0	0
pistol	0.311206016584	6.85751406255	19	3.00	210	1	0	0	0	0	0	0	0
drain	0.311320813066	7.39018142823	9	7.70	107	8	0	0	0	0	0	0	0
parka	0.311627648508	3.80666248977	10	4.60	76	1	0	0	0	0	0	0	0
cockroach	0.312552346814	4.99043258678	14	3.60	90	1	0	0	0	0	0	0	0
guppy	0.312588921816	4.82028156561	6	2.00	64	1	0	1	0	0	0	0	0
leopard	0.312661181611	5.81413053183	9	3.35	85	2	0	0	0	0	0	0	1
hare	0.31361639465	6.51323011091	18	3.25	184	3	0	0	0	0	0	0	1
toaster	0.314889557572	4.5747109785	14	7.80	194	2	0	0	0	0	0	0	0
pelican	0.31494578844	4.97673374242	15	2.85	189	1	0	0	0	0	0	0	1
dish	0.315330204523	8.0205991499	10	8.80	92	8	0	0	0	0	0	0	0
skunk	0.316200779055	4.04305126783	12	5.50	179	5	0	0	0	0	0	0	1
rake	0.316253572277	5.86646805693	15	5.80	148	9	0	0	0	0	1	0	0
train	0.316813140191	9.24802143894	15	6.05	133	17	0	0	0	0	0	0	0
groundhog	0.31726033296	1.60943791243	14	3.85	133	1	0	0	0	0	0	0	1
cake	0.317623880884	8.24038511552	17	7.40	157	4	0	0	0	0	0	0	0
budgie	0.317678421034	4.96284463026	17	4.40	188	1	1	0	0	0	0	0	0
caribou	0.318045670859	4.04305126783	18	3.60	179	1	0	0	0	0	0	0	1
machete	0.319935194294	4.14313472639	8	2.00	65	1	0	0	0	0	0	0	0
peacock	0.320043979777	6.35957386867	16	3.85	164	2	0	0	0	0	0	0	1
sleigh	0.320091641391	3.80666248977	9	5.35	101	2	0	0	0	0	0	0	0
vulture	0.320653614021	5.67332326717	18	2.40	190	2	0	0	0	0	0	0	1
mackerel	0.32194262449	5.01727983681	9	3.85	89	2	0	1	0	0	0	0	0
belt	0.324829176164	7.89915348334	13	7.95	161	10	0	0	0	0	0	0	0
chair	0.324879243095	9.21263773102	16	8.70	182	7	0	0	0	0	0	0	0
knife	0.326979043052	8.12088602109	17	8.00	177	4	0	0	0	0	0	0	0
pheasant	0.327080515291	5.78689738137	9	3.15	104	2	0	0	0	0	0	0	1
screws	0.328449561417	7.11314210871	19	6.55	180	10	0	0	0	0	0	0	0
sword	0.328802556724	7.54274354537	16	2.95	144	1	0	0	0	0	0	0	0
cannon	0.329798145324	6.66568371778	17	2.95	183	8	0	0	0	0	0	0	0
tongs	0.329824547236	5.19295685089	8	6.15	80	1	0	0	0	0	0	0	0
scissors	0.332171515776	6.09130988208	10	7.55	119	4	0	0	0	0	1	0	0
dagger	0.33302222514	6.070737728	14	3.00	150	2	0	0	0	0	0	0	0
freezer	0.333068748381	6.26720054854	19	8.35	209	1	0	0	0	0	0	0	0
revolver	0.333070128265	5.56834450376	15	3.05	148	2	0	0	0	0	0	0	0
drill	0.334650813753	7.22475340577	11	6.00	134	9	0	0	0	0	1	0	0
camisole	0.334686061622	3.43398720449	18	4.20	140	2	0	0	0	0	0	0	0
gorilla	0.337270949818	5.34233425196	16	2.65	170	1	0	0	0	0	0	0	1
jeep	0.337437827563	6.3561076607	14	6.90	122	1	0	0	0	0	0	0	0
pumpkin	0.337797385106	5.17048399504	12	6.95	181	2	0	0	0	0	0	1	0
dresser	0.338295884217	5.81413053183	11	8.35	206	5	0	0	0	0	0	0	0
sink	0.338311880085	7.69165682281	17	8.50	202	13	0	0	0	0	0	0	0
moth	0.340349024989	6.29156913956	8	5.65	94	1	0	0	0	0	0	0	0
blender	0.344200264583	4.51085950652	15	5.80	153	1	0	0	0	0	0	0	0
apple	0.344714811554	8.16394095476	19	8.30	202	2	0	0	1	0	0	0	0
building	0.347984282205	10.153896015	15	8.35	118	14	0	0	0	0	0	0	0
bread	0.348478660974	8.24617155986	16	8.55	167	3	0	0	0	0	0	0	0
necklace	0.34958841348	6.00141487796	17	8.00	165	1	0	0	0	0	0	0	0
tricycle	0.35014843446	4.04305126783	17	6.20	206	1	0	0	0	0	0	0	0
oven	0.350548038031	7.35564110297	14	7.50	145	1	0	0	0	0	0	0	0
chisel	0.350899531384	5.45103845357	10	3.85	102	4	0	0	0	0	1	0	0
hornet	0.352673742481	4.56434819147	12	5.30	129	1	0	0	0	0	0	0	0
canoe	0.353123866712	6.27476202124	18	6.10	174	2	0	0	0	0	0	0	0
cantaloupe	0.354333627706	1.38629436112	14	6.30	169	2	0	0	1	0	0	0	0
starling	0.355164839777	5.20948615284	12	2.75	116	1	1	0	0	0	0	0	0
frog	0.35572758831	6.86693328446	16	5.45	172	4	0	0	0	0	0	0	1
wagon	0.355748410044	6.84268328224	14	5.60	192	5	0	0	0	0	0	0	0
scooter	0.356104029834	4.70953020131	13	2.60	118	5	0	0	0	0	0	0	0
buggy	0.35682936683	5.44241771052	12	4.00	118	3	0	0	0	0	0	0	0
nylons	0.35705101364	6.59850902861	18	6.20	136	3	0	0	0	0	0	0	0
basement	0.357360401907	6.77078942391	16	7.60	155	2	0	0	0	0	0	0	0
pie	0.357361210891	7.38398945798	13	7.35	131	2	0	0	0	0	0	0	0
oak	0.358024067137	7.57558465156	11	6.10	126	2	0	0	0	0	0	0	0
garage	0.358852653553	7.77779262634	9	7.85	113	3	0	0	0	0	0	0	0
pony	0.360087368243	7.01571242049	18	4.70	156	5	0	0	0	0	0	0	1
spider	0.361440592132	6.94312242282	16	7.25	178	3	0	0	0	0	0	0	0
guitar	0.363010692832	8.13827263853	11	6.15	130	1	0	0	0	1	0	0	0
orange	0.36339653325	8.0330094986	16	8.20	190	6	0	0	1	0	0	0	0
microwave	0.364386948206	6.5610306659	16	7.95	132	3	0	0	0	0	0	0	0
sandals	0.365702121256	5.77765232322	17	7.45	160	1	0	0	0	0	0	0	0
clam	0.367529367934	4.88280192259	8	4.20	102	4	0	0	0	0	0	0	1
strainer	0.371152350489	3.68887945411	13	6.70	115	1	0	0	0	0	0	0	0
car	0.37160107304	10.473732366	16	8.60	176	5	0	0	0	0	0	0	0
yacht	0.371603412664	7.26262860097	14	3.85	144	2	0	0	0	0	0	0	0
porcupine	0.372292161035	4.27666611902	10	3.20	105	1	0	0	0	0	0	0	1
tuna	0.373882580694	5.87773578178	14	5.65	136	4	0	1	0	0	0	0	0
cherry	0.373909058691	6.99942246751	12	6.90	184	5	0	0	1	0	0	0	0
screwdriver	0.374023915609	5.6058020663	20	6.35	203	2	0	0	0	0	1	0	0
truck	0.374843458967	7.53208814354	13	7.65	146	3	0	0	0	0	0	0	0
elevator	0.375359089769	5.63121178182	14	8.10	148	2	0	0	0	0	0	0	0
zebra	0.375981934196	5.62040086572	16	2.60	207	1	0	0	0	0	0	0	1
couch	0.378276151874	6.35262939632	20	8.05	196	4	0	0	0	0	0	0	0
dog	0.379952422328	9.43635978404	18	8.15	176	8	0	0	0	0	0	0	1
cellar	0.381280294804	6.85118492749	10	4.70	129	3	0	0	0	0	0	0	0
bear	0.38203302521	8.87598589133	19	4.55	195	15	0	0	0	0	0	0	1
stove	0.382861536356	6.66185474055	13	8.35	162	4	0	0	0	0	0	0	0
calf	0.382927356377	6.987490247	14	4.35	147	4	0	0	0	0	0	0	1
piano	0.383971302048	7.65539064483	13	5.95	155	4	0	0	0	1	0	0	0
missile	0.384597537507	7.55066124311	17	2.60	133	2	0	0	0	0	0	0	0
spatula	0.3857231912	3.82864139649	12	7.00	131	2	0	0	0	0	0	0	0
faucet	0.385939632185	2.3978952728	18	8.10	193	1	0	0	0	0	0	0	0
trolley	0.386614113877	6.59304453414	8	3.70	59	1	0	0	0	0	0	0	0
biscuit	0.387076986141	7.39203156751	11	7.40	87	2	0	0	0	0	0	0	0
drum	0.388225513819	7.40853056689	13	5.20	123	9	0	0	0	1	0	0	0
skateboard	0.389665380429	4.38202663467	10	4.85	115	2	0	0	0	0	0	0	0
olive	0.389983794083	7.06817200039	17	5.70	180	6	0	0	0	0	0	1	0
nightgown	0.390809260467	4.47733681448	11	6.20	109	1	0	0	0	0	0	0	0
hamster	0.390861652798	5.06890420222	14	6.10	167	1	0	0	0	0	0	0	1
carrot	0.392008984741	6.77078942391	18	7.60	203	4	0	0	0	0	0	1	0
pliers	0.392181508581	4.27666611902	12	4.90	109	2	0	0	0	0	1	0	0
cat	0.393740899066	8.61974977974	20	7.65	191	10	0	0	0	0	0	0	1
salmon	0.394602356492	7.26892012819	10	4.75	127	5	0	0	0	0	0	0	1
prune	0.395318088281	5.32300997914	18	5.15	154	3	0	0	1	0	0	0	0
trout	0.39620493215	6.58617165485	14	5.05	184	2	0	0	0	0	0	0	1
sofa	0.397111460565	7.06304816339	18	8.40	181	1	0	0	0	0	0	0	0
bike	0.397837690604	7.72621265051	20	7.70	198	3	0	0	0	0	0	0	0
harpsichord	0.398052627249	5.04342511692	6	2.40	70	1	0	0	0	1	0	0	0
fawn	0.399117533938	4.97673374242	26	3.80	216	5	0	0	0	0	0	0	1
cart	0.399714764252	7.1483457439	11	5.70	136	4	0	0	0	0	0	0	0
gopher	0.400573900866	2.56494935746	8	2.60	96	5	0	0	0	0	0	0	1
bookcase	0.401487949719	5.45103845357	12	8.15	136	1	0	0	0	0	0	0	0
radish	0.401494321303	5.36129216571	16	4.95	182	5	0	0	0	0	0	1	0
shotgun	0.402673928891	6.18826412308	10	3.00	105	1	0	0	0	0	0	0	0
bagpipe	0.403251551033	4.80402104473	9	3.20	122	1	0	0	0	1	0	0	0
rat	0.405983328691	7.81075811653	22	3.65	217	11	0	0	0	0	0	0	1
fridge	0.406844794837	6.9584483933	19	8.80	224	1	0	0	0	0	0	0	0
wasp	0.411404754342	6.42486902391	16	5.20	161	2	0	0	0	0	0	0	0
shoes	0.415162440955	8.48094405874	19	8.90	169	6	0	0	0	0	0	0	0
gown	0.417937954993	6.93828448402	12	6.15	103	6	0	0	0	0	0	0	0
motorcycle	0.418926510061	5.90536184805	16	4.90	170	2	0	0	0	0	0	0	0
panther	0.420123953431	5.21493575761	13	2.60	135	3	0	0	0	0	0	0	1
leotards	0.420431218197	4.4188406078	12	6.05	103	2	0	0	0	0	0	0	0
cheetah	0.420515957065	5.02388052085	13	3.40	152	1	0	0	0	0	0	0	1
elk	0.423298757027	3.68887945411	16	2.65	131	3	0	0	0	0	0	0	1
clamp	0.423416805976	5.93489419562	10	4.10	100	3	0	0	0	0	1	0	0
squid	0.424394660555	5.15905529921	11	3.45	99	2	0	1	0	0	0	0	0
grasshopper	0.424523040709	4.64439089914	13	4.95	159	2	0	0	0	0	0	0	0
tractor	0.426370646737	6.59304453414	13	6.00	146	2	0	0	0	0	0	0	0
tie	0.427879123463	8.41316512099	14	6.90	158	18	0	0	0	0	0	0	0
robe	0.428876688724	6.63068338564	16	7.40	131	4	0	0	0	0	0	0	0
mittens	0.428880233405	3.49650756147	15	6.45	162	1	0	0	0	0	0	0	0
raisin	0.429368001531	5.1532915945	14	6.55	172	1	0	0	1	0	0	0	0
lobster	0.433158625353	5.81114099298	17	5.85	169	2	0	0	0	0	0	0	1
bus	0.434762243827	8.84390365084	17	8.35	179	7	0	0	0	0	0	0	0
iguana	0.435783419354	3.78418963392	17	3.15	174	1	0	0	0	0	0	0	1
rabbit	0.437539054257	7.81843027207	14	6.05	116	4	0	0	0	0	0	0	1
pajamas	0.438722836079	1.09861228867	11	8.50	126	2	0	0	0	0	0	0	0
plum	0.441128427811	6.05208916892	15	6.20	198	5	0	0	1	0	0	0	0
harp	0.441753405815	5.73657229748	8	3.05	103	5	0	0	0	1	0	0	0
dishwasher	0.442497780285	5.53733426702	13	7.30	147	2	0	0	0	0	0	0	0
shrimp	0.443045667702	6.01371515604	13	5.80	120	4	0	0	0	0	0	0	0
horse	0.443381187314	9.4462026957	19	6.30	201	6	0	0	0	0	0	0	1
nectarine	0.443702257899	3.58351893846	17	6.20	182	2	0	0	1	0	0	0	0
lamb	0.444163864727	7.71333788887	16	4.50	144	6	0	0	0	0	0	0	1
rifle	0.445018482736	6.97354301952	18	3.70	191	3	0	0	0	0	0	0	0
turtle	0.44535114132	6.10255859461	18	5.70	186	4	0	0	0	0	0	0	1
crocodile	0.445919950536	5.96357934362	17	2.65	160	1	0	0	0	0	0	0	1
goat	0.446734200867	7.09090982208	20	4.05	216	4	0	0	0	0	0	0	1
octopus	0.447734199547	5.20948615284	13	2.10	104	2	0	0	0	0	0	0	1
corn	0.448662865804	7.10987946307	13	7.85	137	9	0	0	0	0	0	1	0
seaweed	0.450450325913	5.45532111536	10	4.30	116	1	0	0	0	0	0	0	0
cougar	0.453644526059	2.63905732962	23	2.20	183	1	0	0	0	0	0	0	1
walrus	0.457779059167	4.1743872699	14	2.15	121	1	0	0	0	0	0	0	1
banana	0.458110458009	6.89871453433	15	8.10	164	2	0	0	1	0	0	0	0
wrench	0.458276534837	5.36129216571	14	4.70	148	7	0	0	0	0	1	0	0
jeans	0.460020808146	7.15695636462	14	8.65	118	2	0	0	0	0	0	0	0
cheese	0.460285924139	8.00101996132	19	8.25	159	4	0	0	0	0	0	0	0
camel	0.460290907871	6.39526159812	15	2.40	155	1	0	0	0	0	0	0	1
otter	0.461171182149	5.85220247977	9	2.70	113	2	0	0	0	0	0	0	1
cabinet	0.461618861967	8.83956650366	10	8.35	114	4	0	0	0	0	0	0	0
alligator	0.461817292225	4.73619844839	16	3.75	168	3	0	0	0	0	0	0	1
shelves	0.461915749105	7.86978390253	11	7.90	127	4	0	0	0	0	0	0	0
tuba	0.463441056024	4.1743872699	13	3.30	137	1	0	0	0	1	0	0	0
tortoise	0.464421537969	5.65248918027	14	2.40	152	1	0	0	0	0	0	0	1
tangerine	0.468454641811	4.35670882669	16	7.10	187	4	0	0	1	0	0	0	0
tiger	0.469066868548	7.1884127365	24	3.80	232	2	0	0	0	0	0	0	1
socks	0.470668531971	7.11558212618	15	8.90	153	3	0	0	0	0	0	0	0
dress	0.470798492472	8.68389336731	13	7.85	123	21	0	0	0	0	0	0	0
chipmunk	0.474820128597	3.25809653802	14	6.00	128	1	0	0	0	0	0	0	1
sheep	0.475033223857	8.02092771898	21	4.25	224	3	0	0	0	0	0	0	1
yam	0.47579045768	3.93182563272	7	3.30	81	4	0	0	0	0	0	1	0
lemon	0.475951846608	7.20860033796	17	7.15	191	5	0	0	1	0	0	0	0
turnip	0.477169048512	5.15905529921	9	4.75	99	2	0	0	0	0	0	1	0
cupboard	0.477175694088	7.57198844938	10	8.00	151	1	0	0	0	0	0	0	0
garlic	0.478388840531	6.68710860787	21	7.85	205	2	0	0	0	0	0	0	0
coyote	0.479174082591	3.95124371858	17	2.85	172	3	0	0	0	0	0	0	1
deer	0.481722622666	6.83518458615	20	5.40	186	1	0	0	0	0	0	0	1
shirt	0.483635548739	8.1950576909	18	8.80	191	2	0	0	0	0	0	0	0
toad	0.485391341993	6.14846829592	23	4.65	196	1	0	0	0	0	0	0	1
skirt	0.487135948882	7.66669020008	14	7.75	152	8	0	0	0	0	0	0	0
pants	0.488255663939	6.35088571671	21	8.95	198	6	0	0	0	0	0	0	0
accordion	0.489153358884	0.69314718056	9	2.90	99	1	0	0	0	1	0	0	0
peas	0.491353269779	6.4441312567	12	6.95	156	3	0	0	0	0	0	1	0
coat	0.492079869657	8.39004140576	19	8.35	139	6	0	0	0	0	0	0	0
cello	0.49340090198	5.48893772616	9	2.75	113	1	0	0	0	1	0	0	0
cow	0.493510081371	7.8674885687	22	5.40	230	4	0	0	0	0	0	0	1
potato	0.495999532242	7.83478810739	19	8.15	168	2	0	0	0	0	0	1	0
boots	0.497836572472	8.46189187563	21	8.10	180	9	0	0	0	0	0	0	0
beans	0.502894083739	7.52671756135	15	7.00	128	5	0	0	0	0	0	1	0
pig	0.502995650715	7.82724090175	22	5.15	211	9	0	0	0	0	0	0	1
giraffe	0.50338694624	4.66343909411	14	4.05	185	1	0	0	0	0	0	0	1
dolphin	0.503902560964	7.38647084883	23	3.85	184	2	0	0	0	0	0	0	1
pineapple	0.504170505428	5.79909265446	17	6.40	172	2	0	0	1	0	0	0	0
whale	0.504534201192	7.19967834569	12	3.50	146	3	0	0	0	0	0	0	1
gloves	0.507320276024	7.24779258177	14	8.40	141	3	0	0	0	0	0	0	0
donkey	0.508204024558	6.59441345975	14	4.45	156	2	0	0	0	0	0	0	1
squirrel	0.508797876648	5.98141421125	18	7.85	200	2	0	0	0	0	0	0	1
banjo	0.509431458811	3.89182029811	12	3.15	137	1	0	0	0	1	0	0	0
harmonica	0.509508628783	3.89182029811	6	3.65	80	1	0	0	0	1	0	0	0
pickle	0.510064038884	5.64897423816	18	7.35	182	3	0	0	0	0	0	1	0
cranberry	0.51162061379	4.7957905456	14	4.05	157	2	0	0	1	0	0	0	0
scarf	0.515789436509	6.61873898352	12	7.50	121	5	0	0	0	0	0	0	0
crab	0.515923168366	6.33682573115	16	4.20	159	11	0	0	0	0	0	0	1
lion	0.517963181246	7.67554600254	20	4.05	192	4	0	0	0	0	0	0	1
honeydew	0.518625865208	3.295836866	14	4.25	150	1	0	0	1	0	0	0	0
shawl	0.520699322145	5.78382518233	10	3.30	97	1	0	0	0	0	0	0	0
swimsuit	0.522142929488	4.91998092583	19	7.50	176	1	0	0	0	0	0	0	0
beaver	0.524400383982	5.39362754635	15	4.05	199	8	0	0	0	0	0	0	1
lime	0.524907197611	6.55961523749	13	5.35	135	8	0	0	1	0	0	0	0
moose	0.526567910673	4.58496747867	15	3.35	181	1	0	0	0	0	0	0	1
slippers	0.530064010337	6.21860011969	13	6.75	132	2	0	0	0	0	0	0	0
hyena	0.53245834404	4.29045944115	14	1.75	110	1	0	0	0	0	0	0	1
sweater	0.534276666261	6.65157187359	11	8.45	113	2	0	0	0	0	0	0	0
elephant	0.53624484531	7.31853954857	17	3.50	224	2	0	0	0	0	0	0	1
beets	0.53950611388	4.89034912822	15	5.50	141	2	0	0	0	0	0	1	0
violin	0.540982968194	6.55393340403	11	3.80	150	1	0	0	0	1	0	0	0
platypus	0.543108757312	3.40119738166	8	1.95	78	1	0	0	0	0	0	0	1
bison	0.543261646927	3.95124371858	10	2.75	100	1	0	0	0	0	0	0	1
vest	0.547487874375	5.96357934362	10	7.00	97	7	0	0	0	0	0	0	0
chimp	0.547532007597	5.17048399504	17	3.25	136	1	0	0	0	0	0	0	1
trombone	0.548598959934	4.9558270576	13	3.35	133	1	0	0	0	1	0	0	0
grapefruit	0.550656620274	4.90527477844	22	6.20	240	2	0	0	1	0	0	0	0
raccoon	0.551849414581	2.56494935746	12	5.10	139	2	0	0	0	0	0	0	1
zucchini	0.552523706011	0.0	15	5.10	135	2	0	0	0	0	0	1	0
peach	0.554750560132	6.65415252018	15	7.05	172	5	0	0	1	0	0	0	0
flute	0.556646554882	6.23244801655	13	4.60	132	4	0	0	0	1	0	0	0
blueberry	0.564771909822	2.94443897917	14	6.05	170	2	0	0	1	0	0	0	0
strawberry	0.565615124928	6.49375383985	17	8.45	175	3	0	0	1	0	0	0	0
rhubarb	0.568181420107	4.77912349311	11	3.95	128	2	0	0	0	0	0	1	0
grape	0.572785488908	6.701960366	18	7.10	235	3	0	0	1	0	0	0	0
jacket	0.574760138316	8.18172045513	15	8.60	134	7	0	0	0	0	0	0	0
trumpet	0.582041923763	6.27476202124	13	4.20	128	4	0	0	0	1	0	0	0
raspberry	0.583198052437	5.63478960317	11	6.15	114	3	0	0	1	0	0	0	0
asparagus	0.584466793243	4.75359019111	9	5.85	110	2	0	0	0	0	0	1	0
parsley	0.584504724226	5.94803498918	10	5.00	116	2	0	0	0	0	0	1	0
spinach	0.586014689722	5.29330482472	11	5.00	138	2	0	0	0	0	0	1	0
eggplant	0.586103073963	1.79175946923	9	3.75	103	2	0	0	0	0	0	1	0
coconut	0.586158342233	5.92157841964	21	5.35	227	3	0	0	1	0	0	0	0
mushroom	0.587192963175	6.80350525761	16	7.20	155	7	0	0	0	0	0	1	0
onions	0.590205172173	7.11963563802	16	7.40	164	3	0	0	0	0	0	1	0
trousers	0.59256027195	6.30078579466	19	6.80	178	2	0	0	0	0	0	0	0
tomato	0.597478435472	7.30653139894	13	7.75	180	2	0	0	0	0	0	1	0
celery	0.597673138627	5.27811465923	15	7.55	170	2	0	0	0	0	0	1	0
cucumber	0.599725460088	5.52942908751	16	7.10	186	2	0	0	0	0	0	1	0
cabbage	0.601068135551	6.21460809842	16	5.60	165	4	0	0	0	0	0	1	0
cauliflower	0.601530344948	4.86753445046	14	6.80	144	2	0	0	0	0	0	1	0
lettuce	0.605990884684	6.10479323241	18	7.95	216	3	0	0	0	0	0	1	0
broccoli	0.608711552936	4.89783979995	12	7.55	147	2	0	0	0	0	0	1	0
blouse	0.62400337877	6.4676987261	15	7.25	159	1	0	0	0	0	0	0	0
clarinet	0.62541370768	5.68357976734	13	3.60	134	1	0	0	0	1	0	0	0
saxophone	0.648746732881	4.62497281328	14	4.85	132	1	0	0	0	1	0	0	0
pear	0.671336832403	6.58340922216	13	7.20	153	2	0	0	1	0	0	0	0
avocado	0.701347397393	4.86753445046	10	3.70	92	3	0	0	0	0	0	1	0

a_bird	0.207377902497

a_fish	0.303186280507

a_fruit	0.486790543463

a_mammal	0.420036310254

a_musical_instrument	0.463646185812

a_tool	0.282117418729

a_vegetable	0.536265778145

an_animal	0.356660361034
